Subspektralklasse,Temperatur Minimum,Temperatur Maximum,Masse Minimum,Masse Maximum
O0,48300, 50000,1.8259019611144067E+32, 1.989E+32
O1,46600, 48300,1.662804019442797E+32, 1.8259019611144067E+32
O2,44900, 46600,1.4997059805572033E+32, 1.662804019442797E+32
O3,43200, 44900,1.3366080388855934E+32, 1.4997059805572033E+32
O4,41500, 43200,1.1735100000000001E+32, 1.3366080388855934E+32
O5,39800, 41500,1.0104120097213984E+32, 1.1735100000000001E+32
O6,38100, 39800,8.473140194427967E+31, 1.0104120097213984E+32
O7,36400, 38100,6.842160048606991E+31, 8.473140194427967E+31
O8,34700, 36400,5.211180024303496E+31, 6.842160048606991E+31
O9,33000, 34700,3.5801999999999996E+31, 5.211180024303496E+31
B0,30700, 33000,3.2818499288678164E+31, 3.5801999999999996E+31
B1,28400, 30700,2.9835000355660913E+31, 3.2818499288678164E+31
B2,26100, 28400,2.685149964433908E+31, 2.9835000355660913E+31
B3,23800, 26100,2.3868000711321826E+31, 2.685149964433908E+31
B4,21500, 23800,2.08845E+31, 2.3868000711321826E+31
B5,19200, 21500,1.7901000177830457E+31, 2.08845E+31
B6,16900, 19200,1.4917500355660913E+31, 1.7901000177830457E+31
B7,14600, 16900,1.1934000088915227E+31, 1.4917500355660913E+31
B8,12300, 14600,8.950500044457614E+30, 1.1934000088915227E+31
B9,10000, 12300,5.967E+30, 8.950500044457614E+30
A0,9750,10000,5.768099952578545E+30, 5.967E+30
A1,9500,9750,5.569200023710728E+30, 5.768099952578545E+30
A2,9250,9500,5.370299976289272E+30, 5.569200023710728E+30
A3,9000,9250,5.171400047421455E+30, 5.370299976289272E+30
A4,8750,9000,4.9725E+30, 5.171400047421455E+30
A5,8500,8750,4.7736000118553637E+30, 4.9725E+30
A6,8250,8500,4.5747000237107276E+30, 4.7736000118553637E+30
A7,8000,8250,4.375800005927682E+30, 4.5747000237107276E+30
A8,7750,8000,4.176900002963841E+30, 4.375800005927682E+30
A9,7500,7750,3.978E+30, 4.176900002963841E+30
F0,7350,7500,3.261960061647891E+30, 3.3813000948429107E+30
F1,7200,7350,3.142620099585057E+30, 3.261960061647891E+30
F2,7050,7200,3.0232800663900367E+30, 3.142620099585057E+30
F3,6900,7050,2.903940104327203E+30, 3.0232800663900367E+30
F4,6750,6900,2.784600071132183E+30, 2.903940104327203E+30
F5,6600,6750,2.665260073503256E+30, 2.784600071132183E+30
F6,6450,6600,2.545920075874329E+30, 2.665260073503256E+30
F7,6300,6450,2.4265800604623558E+30, 2.545920075874329E+30
F8,6150,6300,2.3072400539419054E+30, 2.4265800604623558E+30
F9,6000,6150,2.1879000474214553E+30, 2.3072400539419054E+30
G0,5920,6000,2.1282300308239452E+30, 2.1879000474214553E+30
G1,5840,5920,2.0685600497925284E+30, 2.1282300308239452E+30
G2,5760,5840,2.0088900331950183E+30, 2.0685600497925284E+30
G3,5680,5760,1.9492200521636012E+30, 2.0088900331950183E+30
G4,5600,5680,1.8895500355660914E+30, 1.9492200521636012E+30
G5,5520,5600,1.829880036751628E+30, 1.8895500355660914E+30
G6,5440,5520,1.7702100379371645E+30, 1.829880036751628E+30
G7,5360,5440,1.7105400302311776E+30, 1.7702100379371645E+30
G8,5280,5360,1.6508700269709525E+30, 1.7105400302311776E+30
G9,5200,5280,1.5912000237107275E+30, 1.6508700269709525E+30
K0,5070,5200,1.5215850023710714E+30, 1.5912000237107275E+30
K1,4940,5070,1.4519700225251917E+30, 1.5215850023710714E+30
K2,4810,4940,1.3823550011855356E+30, 1.4519700225251917E+30
K3,4680,4810,1.312740021339656E+30, 1.3823550011855356E+30
K4,4550,4680,1.2431249999999998E+30, 1.312740021339656E+30
K5,4420,4550,1.173509999407232E+30, 1.2431249999999998E+30
K6,4290,4420,1.103894998814464E+30, 1.173509999407232E+30
K7,4160,4290,1.034279987848252E+30, 1.103894998814464E+30
K8,4030,4160,9.646649820687622E+29, 1.034279987848252E+30
K9,3900,4030,8.950499762892722E+29, 9.646649820687622E+29
M0,3710,3900,8.214569607587462E+29, 8.950499762892724E+29
M1,3520,3710,7.478639890930651E+29, 8.214569607587462E+29
M2,3330,3520,6.74270973562539E+29, 7.478639890930651E+29
M3,3140,3330,6.0067800189685774E+29, 6.74270973562539E+29
M4,2950,3140,5.270849863663316E+29, 6.0067800189685774E+29
M5,2760,2950,4.5349199276822794E+29, 5.270849863663316E+29
M6,2570,2760,3.798989991701243E+29, 4.5349199276822794E+29
M7,2380,2570,3.063059946058094E+29, 3.798989991701243E+29
M8,2190,2380,2.3271299552460013E+29, 3.063059946058094E+29
M9,2000,2190,1.5911999644339086E+29,2.3271299552460013E+29
L0,1930,2000,1.4917499429460622E+29,1.5911999644339086E+29
L1,1860,1930,1.3922999807350335E+29,1.4917499429460622E+29
L2,1790,1860,1.2928499592471871E+29,1.3922999807350335E+29
L3,1720,1790,1.1933999970361585E+29,1.2928499592471871E+29
L4,1650,1720,1.093949975548312E+29,1.1933999970361585E+29
L5,1580,1650,9.944999836988746E+28,1.093949975548312E+29
L6,1510,1580,8.95049991849437E+28,9.944999836988746E+28
L7,1440,1510,7.95599985180795E+28,8.95049991849437E+28
L8,1370,1440,6.961499859217553E+28,7.95599985180795E+28
L9,1300,1370,5.966999866627156E+28,6.961499859217553E+28
T0,1230,1300,5.5691997806757705E+28,5.966999866627156E+28
T1,1160,1230,5.171399931831656E+28,5.5691997806757705E+28
T2,1090,1160,4.7735998458802705E+28,5.171399931831656E+28
T3,1020,1090,4.375799997036156E+28,4.7735998458802705E+28
T4,950,1020,3.977999911084771E+28,4.375799997036156E+28
T5,880,950,3.580199943687021E+28,3.977999911084771E+28
T6,810,880,3.1823999762892714E+28,3.580199943687021E+28
T7,740,810,2.7845999496147033E+28,3.1823999762892714E+28
T8,670,740,2.3867999525785443E+28,2.7845999496147033E+28
T9,600,670,1.9889999555423857E+28,2.3867999525785443E+28
Y0,560,600,1.809989918253563E+28,1.9889999555423857E+28
Y1,520,560,1.6309799876630115E+28,1.809989918253563E+28
Y2,480,520,1.4519699503741887E+28,1.6309799876630115E+28
Y3,440,480,1.2729600197836373E+28,1.4519699503741887E+28
Y4,400,440,1.0939499824948143E+28,1.2729600197836373E+28
Y5,360,400,9.149399985551272E+27,1.0939499824948143E+28
Y6,320,360,7.359300146154401E+27,9.149399985551272E+27
Y7,280,320,5.569200040011852E+27,7.359300146154401E+27
Y8,240,280,3.779100067242141E+27,5.569200040011852E+27
Y9,200,240,1.9890000944724305E+27,3.779100067242141E+27

Lumklasse,Name,Radius Minimum,Radius Maximum
I,Supergiant,52177500000, 695700000000
II,Bright Giant,24349500000, 52177500000
III,Giant,6957000000, 24349500000
IV,Subgiant,1391400000, 6957000000
V,Main Sequence,104355004.14669514, 1391400000
VI,Subdwarf,62613002.48801708, 104355004.14669514
BD,Brown Dwarf,59830202.03188062, 62613002.48801708

| Subspektralklasse | Temperatur Minimum | Temperatur Maximum | Masse Minimum          | Masse Maximum          |
| ----------------- | ------------------ | ------------------ | ---------------------- | ---------------------- |
| O0                | 48300              | 50000              | 1.8259019611144067E+32 | 1.989E+32              |
| O1                | 46600              | 48300              | 1.662804019442797E+32  | 1.8259019611144067E+32 |
| O2                | 44900              | 46600              | 1.4997059805572033E+32 | 1.662804019442797E+32  |
| O3                | 43200              | 44900              | 1.3366080388855934E+32 | 1.4997059805572033E+32 |
| O4                | 41500              | 43200              | 1.1735100000000001E+32 | 1.3366080388855934E+32 |
| O5                | 39800              | 41500              | 1.0104120097213984E+32 | 1.1735100000000001E+32 |
| O6                | 38100              | 39800              | 8.473140194427967E+31  | 1.0104120097213984E+32 |
| O7                | 36400              | 38100              | 6.842160048606991E+31  | 8.473140194427967E+31  |
| O8                | 34700              | 36400              | 5.211180024303496E+31  | 6.842160048606991E+31  |
| O9                | 33000              | 34700              | 3.5801999999999996E+31 | 5.211180024303496E+31  |
| B0                | 30700              | 33000              | 3.2818499288678164E+31 | 3.5801999999999996E+31 |
| B1                | 28400              | 30700              | 2.9835000355660913E+31 | 3.2818499288678164E+31 |
| B2                | 26100              | 28400              | 2.685149964433908E+31  | 2.9835000355660913E+31 |
| B3                | 23800              | 26100              | 2.3868000711321826E+31 | 2.685149964433908E+31  |
| B4                | 21500              | 23800              | 2.08845E+31            | 2.3868000711321826E+31 |
| B5                | 19200              | 21500              | 1.7901000177830457E+31 | 2.08845E+31            |
| B6                | 16900              | 19200              | 1.4917500355660913E+31 | 1.7901000177830457E+31 |
| B7                | 14600              | 16900              | 1.1934000088915227E+31 | 1.4917500355660913E+31 |
| B8                | 12300              | 14600              | 8.950500044457614E+30  | 1.1934000088915227E+31 |
| B9                | 10000              | 12300              | 5.967E+30              | 8.950500044457614E+30  |
| A0                | 9750               | 10000              | 5.768099952578545E+30  | 5.967E+30              |
| A1                | 9500               | 9750               | 5.569200023710728E+30  | 5.768099952578545E+30  |
| A2                | 9250               | 9500               | 5.370299976289272E+30  | 5.569200023710728E+30  |
| A3                | 9000               | 9250               | 5.171400047421455E+30  | 5.370299976289272E+30  |
| A4                | 8750               | 9000               | 4.9725E+30             | 5.171400047421455E+30  |
| A5                | 8500               | 8750               | 4.7736000118553637E+30 | 4.9725E+30             |
| A6                | 8250               | 8500               | 4.5747000237107276E+30 | 4.7736000118553637E+30 |
| A7                | 8000               | 8250               | 4.375800005927682E+30  | 4.5747000237107276E+30 |
| A8                | 7750               | 8000               | 4.176900002963841E+30  | 4.375800005927682E+30  |
| A9                | 7500               | 7750               | 3.978E+30              | 4.176900002963841E+30  |
| F0                | 7350               | 7500               | 3.261960061647891E+30  | 3.3813000948429107E+30 |
| F1                | 7200               | 7350               | 3.142620099585057E+30  | 3.261960061647891E+30  |
| F2                | 7050               | 7200               | 3.0232800663900367E+30 | 3.142620099585057E+30  |
| F3                | 6900               | 7050               | 2.903940104327203E+30  | 3.0232800663900367E+30 |
| F4                | 6750               | 6900               | 2.784600071132183E+30  | 2.903940104327203E+30  |
| F5                | 6600               | 6750               | 2.665260073503256E+30  | 2.784600071132183E+30  |
| F6                | 6450               | 6600               | 2.545920075874329E+30  | 2.665260073503256E+30  |
| F7                | 6300               | 6450               | 2.4265800604623558E+30 | 2.545920075874329E+30  |
| F8                | 6150               | 6300               | 2.3072400539419054E+30 | 2.4265800604623558E+30 |
| F9                | 6000               | 6150               | 2.1879000474214553E+30 | 2.3072400539419054E+30 |
| G0                | 5920               | 6000               | 2.1282300308239452E+30 | 2.1879000474214553E+30 |
| G1                | 5840               | 5920               | 2.0685600497925284E+30 | 2.1282300308239452E+30 |
| G2                | 5760               | 5840               | 2.0088900331950183E+30 | 2.0685600497925284E+30 |
| G3                | 5680               | 5760               | 1.9492200521636012E+30 | 2.0088900331950183E+30 |
| G4                | 5600               | 5680               | 1.8895500355660914E+30 | 1.9492200521636012E+30 |
| G5                | 5520               | 5600               | 1.829880036751628E+30  | 1.8895500355660914E+30 |
| G6                | 5440               | 5520               | 1.7702100379371645E+30 | 1.829880036751628E+30  |
| G7                | 5360               | 5440               | 1.7105400302311776E+30 | 1.7702100379371645E+30 |
| G8                | 5280               | 5360               | 1.6508700269709525E+30 | 1.7105400302311776E+30 |
| G9                | 5200               | 5280               | 1.5912000237107275E+30 | 1.6508700269709525E+30 |
| K0                | 5070               | 5200               | 1.5215850023710714E+30 | 1.5912000237107275E+30 |
| K1                | 4940               | 5070               | 1.4519700225251917E+30 | 1.5215850023710714E+30 |
| K2                | 4810               | 4940               | 1.3823550011855356E+30 | 1.4519700225251917E+30 |
| K3                | 4680               | 4810               | 1.312740021339656E+30  | 1.3823550011855356E+30 |
| K4                | 4550               | 4680               | 1.2431249999999998E+30 | 1.312740021339656E+30  |
| K5                | 4420               | 4550               | 1.173509999407232E+30  | 1.2431249999999998E+30 |
| K6                | 4290               | 4420               | 1.103894998814464E+30  | 1.173509999407232E+30  |
| K7                | 4160               | 4290               | 1.034279987848252E+30  | 1.103894998814464E+30  |
| K8                | 4030               | 4160               | 9.646649820687622E+29  | 1.034279987848252E+30  |
| K9                | 3900               | 4030               | 8.950499762892722E+29  | 9.646649820687622E+29  |
| M0                | 3710               | 3900               | 8.214569607587462E+29  | 8.950499762892724E+29  |
| M1                | 3520               | 3710               | 7.478639890930651E+29  | 8.214569607587462E+29  |
| M2                | 3330               | 3520               | 6.74270973562539E+29   | 7.478639890930651E+29  |
| M3                | 3140               | 3330               | 6.0067800189685774E+29 | 6.74270973562539E+29   |
| M4                | 2950               | 3140               | 5.270849863663316E+29  | 6.0067800189685774E+29 |
| M5                | 2760               | 2950               | 4.5349199276822794E+29 | 5.270849863663316E+29  |
| M6                | 2570               | 2760               | 3.798989991701243E+29  | 4.5349199276822794E+29 |
| M7                | 2380               | 2570               | 3.063059946058094E+29  | 3.798989991701243E+29  |
| M8                | 2190               | 2380               | 2.3271299552460013E+29 | 3.063059946058094E+29  |
| M9                | 2000               | 2190               | 1.5911999644339086E+29 | 2.3271299552460013E+29 |
| L0                | 1930               | 2000               | 1.4917499429460622E+29 | 1.5911999644339086E+29 |
| L1                | 1860               | 1930               | 1.3922999807350335E+29 | 1.4917499429460622E+29 |
| L2                | 1790               | 1860               | 1.2928499592471871E+29 | 1.3922999807350335E+29 |
| L3                | 1720               | 1790               | 1.1933999970361585E+29 | 1.2928499592471871E+29 |
| L4                | 1650               | 1720               | 1.093949975548312E+29  | 1.1933999970361585E+29 |
| L5                | 1580               | 1650               | 9.944999836988746E+28  | 1.093949975548312E+29  |
| L6                | 1510               | 1580               | 8.95049991849437E+28   | 9.944999836988746E+28  |
| L7                | 1440               | 1510               | 7.95599985180795E+28   | 8.95049991849437E+28   |
| L8                | 1370               | 1440               | 6.961499859217553E+28  | 7.95599985180795E+28   |
| L9                | 1300               | 1370               | 5.966999866627156E+28  | 6.961499859217553E+28  |
| T0                | 1230               | 1300               | 5.5691997806757705E+28 | 5.966999866627156E+28  |
| T1                | 1160               | 1230               | 5.171399931831656E+28  | 5.5691997806757705E+28 |
| T2                | 1090               | 1160               | 4.7735998458802705E+28 | 5.171399931831656E+28  |
| T3                | 1020               | 1090               | 4.375799997036156E+28  | 4.7735998458802705E+28 |
| T4                | 950                | 1020               | 3.977999911084771E+28  | 4.375799997036156E+28  |
| T5                | 880                | 950                | 3.580199943687021E+28  | 3.977999911084771E+28  |
| T6                | 810                | 880                | 3.1823999762892714E+28 | 3.580199943687021E+28  |
| T7                | 740                | 810                | 2.7845999496147033E+28 | 3.1823999762892714E+28 |
| T8                | 670                | 740                | 2.3867999525785443E+28 | 2.7845999496147033E+28 |
| T9                | 600                | 670                | 1.9889999555423857E+28 | 2.3867999525785443E+28 |
| Y0                | 560                | 600                | 1.809989918253563E+28  | 1.9889999555423857E+28 |
| Y1                | 520                | 560                | 1.6309799876630115E+28 | 1.809989918253563E+28  |
| Y2                | 480                | 520                | 1.4519699503741887E+28 | 1.6309799876630115E+28 |
| Y3                | 440                | 480                | 1.2729600197836373E+28 | 1.4519699503741887E+28 |
| Y4                | 400                | 440                | 1.0939499824948143E+28 | 1.2729600197836373E+28 |
| Y5                | 360                | 400                | 9.149399985551272E+27  | 1.0939499824948143E+28 |
| Y6                | 320                | 360                | 7.359300146154401E+27  | 9.149399985551272E+27  |
| Y7                | 280                | 320                | 5.569200040011852E+27  | 7.359300146154401E+27  |
| Y8                | 240                | 280                | 3.779100067242141E+27  | 5.569200040011852E+27  |
| Y9                | 200                | 240                | 1.9890000944724305E+27 | 3.779100067242141E+27  |

| Lumklasse | Name          | Radius Minimum     | Radius Maximum     |
| --------- | ------------- | ------------------ | ------------------ |
| I         | Supergiant    | 52177500000        | 695700000000       |
| II        | Bright Giant  | 24349500000        | 52177500000        |
| III       | Giant         | 6957000000         | 24349500000        |
| IV        | Subgiant      | 1391400000         | 6957000000         |
| V         | Main Sequence | 104355004.14669514 | 1391400000         |
| VI        | Subdwarf      | 62613002.48801708  | 104355004.14669514 |
| BD        | Brown Dwarf   | 59830202.03188062  | 62613002.48801708  |